pelvis_tilt.offset              	-0.0075280599	-0.0073229182	0.00010196223	
hip_flexion_r.offset            	0.024081224	0.023918942	9.3975967e-05	
knee_angle_r.offset             	-0.015962602	-0.015963542	9.3217393e-05	
ankle_angle_r.offset            	0.020445072	0.020423695	0.0001020643	
hip_flexion_l.offset            	0.0072624073	0.0073319225	9.9766628e-05	
knee_angle_l.offset             	0.057584381	0.057588043	0.00010497375	
ankle_angle_l.offset            	-0.020212827	-0.020097717	9.1128423e-05	
stance_load_threshold           	0.27838485	0.27828101	9.1188196e-05	
S11111.tib_ant.KL               	0.78533819	0.78523884	0.00013435054	
S11111.tib_ant.L0               	0.614626	0.61467289	0.00010479179	
S11111.tib_ant.KF               	0.47735345	0.47758421	0.00010078284	
S11111.soleus.KL                	0.65943488	0.65952984	0.00012682807	
S11111.soleus.L0                	0.84340049	0.84330423	0.00010946651	
S11111.soleus.KF                	0.94747162	0.94772043	0.00016449005	
S11111.gastroc.KL               	0.44420229	0.44423647	9.6630968e-05	
S11111.gastroc.L0               	0.66747006	0.66747305	0.00011730542	
S11111.gastroc.KF               	0.74406052	0.74390721	0.0001398505	
S11111.tib_ant-soleus.KL        	-0.11076576	-0.11061103	0.00010042772	
S11111.tib_ant-soleus.KF        	-0.99500984	-0.99517367	0.00018693302	
S11111.tib_ant-gastroc.KL       	-0.052357319	-0.052328205	9.1967915e-05	
S11111.tib_ant-gastroc.KF       	-0.73735173	-0.73739557	0.00013961344	
S11111.soleus-tib_ant.KF        	-0.62296125	-0.62279677	0.00012291891	
S11111.gastroc-tib_ant.KF       	-0.82208969	-0.82196319	0.0001571128	
S00011.vasti.KL                 	1.9354138	1.9354536	0.00036969299	
S00011.vasti.L0                 	0.6187817	0.61871856	8.902998e-05	
S00011.vasti.KF                 	0.79235722	0.79236719	0.00015151919	
S00011.iliopsoas.KL             	2.3403644	2.34018	0.00038158844	
S00011.iliopsoas.L0             	0.89767239	0.89752971	8.9420789e-05	
S00011.rect_fem.KL              	0.17640381	0.17644324	0.00010650788	
S00011.rect_fem.L0              	0.55231879	0.55229934	0.00010849989	
S00011.hamstrings.KL            	0.70321083	0.70359816	0.00014906414	
S00011.hamstrings.L0            	0.71148022	0.71151723	0.00013089114	
S00011.bifemsh.KF               	0.24367382	0.2436495	9.2791804e-05	
S00011.glut_max.KL              	0.51465352	0.51450844	9.8249257e-05	
S00011.glut_max.L0              	0.85233659	0.8524899	0.00024186731	
S00011.hamstrings-pelvis_tilt.KP	1.2313537	1.231874	0.0002545761	
S00011.hamstrings-pelvis_tilt.KV	0.22190278	0.22195377	9.856842e-05	
S00011.glut_max-pelvis_tilt.KP  	1.0425996	1.0426002	0.00018124121	
S00011.rect_fem-pelvis_tilt.KP  	-0.92508409	-0.92531711	0.0002327061	
S00011.rect_fem-pelvis_tilt.KV  	0.030696068	0.030834281	9.9037097e-05	
S11100.iliopsoas.KL             	1.0545631	1.0547167	0.00021281627	
S11100.iliopsoas.L0             	0.71062355	0.71061908	0.00012671238	
S11100.rect_fem.KL              	0.4357249	0.4356228	0.00010823393	
S11100.rect_fem.L0              	1.2490769	1.249125	0.00023567352	
S11100.iliopsoas-pelvis_tilt.KP 	1.7983511	1.7979272	0.00031671788	
S11100.iliopsoas-pelvis_tilt.KV 	0.27350155	0.27343602	9.8066739e-05	
S11100.iliopsoas-hamstrings.KL  	-3.2710824	-3.2711577	0.00058785069	
S11100.iliopsoas-hamstrings.L0  	0.67593161	0.67603057	0.00011056272	
S11100.hamstrings.KL            	0.19790418	0.19786183	9.5814601e-05	
S11100.hamstrings.L0            	1.2872526	1.286887	0.00023033338	
S11100.bifemsh.KF               	0.24285916	0.24285339	9.9491428e-05	
S11100.glut_max.KL              	0.98212135	0.98254343	0.00019557982	
S11100.glut_max.L0              	0.86805832	0.8682366	0.00014304406	
